jahr	Klybeck	Kleinhüningen
2000	1.146914255	1.496062992
2001	2.075368651	3.624901497
2002	1.064991808	1.65615142
2003	1.856908793	3.511450382
2004	1.645639057	3.358778626
2005	1.481888035	1.374045802
2006	2.212743268	1.221374046
2007	1.943039659	1.06870229
2008	1.893838357	1.14416476
2009	1.147584734	1.447067784
2010	0.667200427	1.370906321
2011	0.320000000	0.610221205
2012	0.400000000	0.356379187
2013	0.346389555	0.213827512
2014	0.21574973	0.296956199
2015	0.215343203	0.073964497
2016	0.185774947	0.29476787
2017	0.32059845	0.661278472
2018	0.319914689	0.734753857
2019	1.115834219	1.395007342
